# unix_time, cycles_done, cur_path, paths_total, pending_total, pending_favs, map_size, unique_crashes, unique_hangs, max_depth, execs_per_sec
1569882674, 0, 0, 1, 1, 1, 0.16%, 0, 0, 1, 2000.00
1569882679, 0, 0, 33, 33, 1, 0.21%, 0, 0, 2, 1883.23
1569882684, 0, 0, 81, 81, 1, 0.23%, 0, 0, 2, 423.39
1569882689, 0, 0, 91, 91, 1, 0.23%, 5, 0, 2, 2447.73
1569882694, 0, 0, 93, 93, 1, 0.23%, 6, 0, 2, 1981.52
1569882699, 0, 0, 94, 94, 1, 0.23%, 6, 0, 2, 1602.31
1569882704, 0, 7, 95, 94, 12, 0.23%, 6, 0, 2, 1687.42
1569882714, 0, 32, 96, 94, 11, 0.23%, 6, 0, 3, 1662.63
1569882725, 0, 32, 99, 97, 11, 0.23%, 7, 0, 3, 1561.80
1569882730, 0, 32, 101, 99, 11, 0.23%, 8, 0, 3, 1639.74
1569882735, 0, 32, 104, 102, 11, 0.23%, 8, 0, 3, 1670.93
1569882740, 0, 32, 104, 102, 11, 0.23%, 9, 0, 3, 1707.76
1569882745, 0, 37, 104, 101, 10, 0.23%, 9, 0, 3, 1714.07
1569882755, 0, 40, 104, 99, 8, 0.23%, 9, 0, 3, 1714.29
1569882771, 0, 42, 104, 98, 8, 0.23%, 9, 0, 3, 1716.81
1569882776, 0, 50, 104, 96, 6, 0.23%, 9, 0, 3, 1738.46
1569882786, 0, 53, 104, 95, 5, 0.23%, 9, 0, 3, 1713.98
1569882791, 0, 54, 104, 94, 4, 0.23%, 9, 0, 3, 1726.19
1569882801, 0, 63, 104, 93, 3, 0.23%, 9, 0, 3, 1636.14
1569882806, 0, 78, 104, 92, 2, 0.23%, 9, 0, 3, 1654.39
1569882811, 1, 1, 105, 91, 0, 0.23%, 9, 0, 3, 1712.90
1569882827, 1, 4, 105, 90, 0, 0.23%, 9, 0, 3, 1612.79
1569882837, 1, 8, 106, 90, 0, 0.23%, 9, 0, 3, 1688.53
1569882847, 1, 14, 106, 88, 0, 0.23%, 9, 0, 3, 1705.44
1569882862, 1, 16, 106, 87, 0, 0.23%, 9, 0, 3, 1668.40
1569882872, 1, 18, 106, 86, 0, 0.23%, 9, 0, 3, 1531.19
1569882883, 1, 19, 106, 85, 0, 0.23%, 9, 0, 3, 1652.08
1569882888, 1, 61, 106, 84, 1, 0.23%, 9, 0, 3, 1678.09
1569882893, 1, 64, 106, 83, 0, 0.23%, 9, 0, 3, 1704.36
1569882898, 1, 68, 106, 82, 0, 0.23%, 9, 0, 3, 1668.47
1569882913, 1, 76, 106, 80, 0, 0.23%, 10, 0, 3, 1710.43
1569882929, 1, 93, 106, 79, 0, 0.23%, 10, 0, 3, 1678.90
1569882949, 1, 94, 106, 78, 0, 0.23%, 10, 0, 3, 1700.87
1569882964, 1, 96, 106, 77, 0, 0.23%, 10, 0, 3, 1681.86
1569882974, 1, 98, 107, 77, 0, 0.23%, 10, 0, 4, 1461.83
1569882989, 1, 99, 107, 76, 0, 0.23%, 10, 0, 4, 1650.70
1569882999, 1, 101, 107, 75, 0, 0.23%, 10, 0, 4, 1668.49
1569883009, 1, 105, 107, 74, 0, 0.23%, 10, 0, 4, 1418.81
1569883014, 1, 105, 108, 75, 0, 0.23%, 10, 0, 4, 1433.41
1569883030, 1, 105, 111, 78, 0, 0.23%, 10, 0, 4, 1711.39
1569883035, 2, 8, 111, 77, 0, 0.23%, 11, 0, 4, 1706.09
1569883040, 2, 17, 111, 76, 0, 0.23%, 11, 0, 4, 1681.04
1569883050, 2, 23, 111, 75, 0, 0.23%, 11, 0, 4, 1630.67
1569883060, 2, 24, 111, 74, 0, 0.23%, 11, 0, 4, 1696.05
1569883070, 2, 25, 111, 73, 0, 0.23%, 11, 0, 4, 1725.11
1569883080, 2, 44, 111, 71, 0, 0.23%, 11, 0, 4, 1698.22
1569883085, 2, 50, 111, 70, 0, 0.23%, 11, 0, 4, 1717.99
1569883090, 2, 60, 111, 70, 0, 0.23%, 11, 0, 4, 1704.28
1569883100, 2, 67, 111, 68, 0, 0.23%, 11, 0, 4, 1675.57
1569883116, 2, 69, 111, 67, 0, 0.23%, 11, 0, 4, 1660.12
1569883126, 2, 73, 111, 66, 0, 0.23%, 11, 0, 4, 1700.17
1569883136, 2, 77, 111, 65, 0, 0.23%, 11, 0, 4, 1722.11
1569883151, 2, 79, 111, 64, 0, 0.23%, 11, 0, 4, 1706.94
1569883156, 2, 81, 111, 63, 0, 0.23%, 11, 0, 4, 1720.67
1569883166, 2, 83, 111, 61, 0, 0.23%, 11, 0, 4, 1752.47
1569883171, 2, 85, 111, 60, 0, 0.23%, 11, 0, 4, 1686.29
1569883182, 2, 85, 115, 64, 0, 0.23%, 11, 0, 4, 1679.53
1569883187, 2, 85, 116, 65, 0, 0.23%, 11, 0, 4, 1658.73
1569883202, 2, 86, 116, 64, 0, 0.23%, 11, 0, 4, 1719.53
1569883212, 2, 88, 116, 63, 0, 0.23%, 11, 0, 4, 1717.80
1569883227, 2, 89, 116, 62, 0, 0.23%, 11, 0, 4, 1648.60
1569883243, 2, 91, 116, 61, 0, 0.23%, 11, 0, 4, 1630.43
1569883258, 2, 92, 116, 60, 0, 0.23%, 11, 0, 4, 1702.52
1569883263, 2, 95, 116, 59, 0, 0.23%, 11, 0, 4, 1701.18
1569883273, 2, 113, 116, 58, 0, 0.23%, 11, 0, 4, 1672.29
1569883288, 2, 113, 124, 66, 0, 0.23%, 11, 0, 4, 1660.97
1569883293, 2, 113, 127, 69, 0, 0.23%, 11, 0, 4, 1688.86
1569883298, 2, 113, 128, 70, 0, 0.23%, 11, 0, 4, 1699.07
1569883308, 2, 115, 128, 69, 0, 0.23%, 11, 0, 4, 1683.47
1569883318, 2, 119, 128, 68, 0, 0.23%, 11, 0, 4, 1569.36
1569883359, 2, 119, 134, 74, 0, 0.23%, 11, 0, 5, 1435.94
1569883364, 2, 119, 137, 77, 0, 0.23%, 11, 0, 5, 1370.76
1569883369, 2, 119, 139, 79, 0, 0.23%, 11, 0, 5, 1427.34
1569883374, 2, 119, 140, 80, 0, 0.23%, 11, 0, 5, 1442.66
1569883379, 2, 121, 142, 81, 0, 0.23%, 11, 0, 5, 1543.26
1569883420, 2, 121, 145, 84, 0, 0.23%, 11, 0, 5, 1396.94
1569883425, 2, 121, 147, 86, 0, 0.23%, 11, 0, 5, 1543.16
1569883440, 2, 122, 147, 85, 0, 0.23%, 11, 0, 5, 1410.02
1569883501, 2, 122, 150, 88, 0, 0.23%, 11, 0, 5, 1590.91
1569883506, 2, 122, 152, 90, 0, 0.23%, 11, 0, 5, 1592.56
1569883511, 2, 122, 153, 91, 0, 0.23%, 11, 0, 5, 1614.27
1569883521, 2, 125, 154, 91, 0, 0.23%, 11, 0, 5, 1591.36
1569883618, 2, 125, 157, 94, 0, 0.23%, 11, 0, 5, 1528.40
1569883628, 2, 125, 158, 95, 0, 0.23%, 11, 0, 5, 1502.63
1569883638, 2, 126, 158, 94, 0, 0.23%, 11, 0, 5, 1646.63
1569883658, 2, 126, 159, 95, 0, 0.23%, 11, 0, 5, 1645.77
1569883663, 2, 130, 159, 94, 0, 0.23%, 11, 0, 5, 1598.48
1569883749, 2, 130, 162, 97, 0, 0.23%, 11, 0, 6, 1526.17
1569883754, 2, 130, 163, 98, 0, 0.23%, 11, 0, 6, 1554.12
1569883759, 2, 130, 165, 100, 0, 0.23%, 11, 0, 6, 1557.11
1569883769, 2, 131, 168, 102, 0, 0.23%, 11, 0, 6, 1467.67
1569883931, 2, 131, 170, 104, 0, 0.23%, 11, 0, 6, 1240.67
1569883936, 2, 131, 172, 106, 0, 0.23%, 11, 0, 6, 1224.10
1569883946, 2, 138, 172, 105, 0, 0.23%, 11, 0, 6, 1419.30
1569884104, 2, 140, 172, 104, 0, 0.23%, 11, 0, 6, 1172.39
1569884287, 2, 140, 173, 105, 0, 0.23%, 11, 0, 6, 1339.39
1569884292, 2, 147, 173, 104, 0, 0.23%, 11, 0, 6, 1283.01
1569884520, 2, 147, 174, 105, 0, 0.23%, 11, 0, 6, 1267.48
1569884525, 2, 147, 177, 108, 0, 0.23%, 11, 0, 6, 1343.86
1569884545, 2, 151, 177, 107, 0, 0.23%, 11, 0, 6, 1257.33
1569884763, 2, 155, 177, 106, 0, 0.23%, 11, 0, 6, 1228.55
